# SDF font metrics -- generated by mksdf.ps1, do not edit
font Pixeloid Mono
cell 64
spread 8
em 48
atlas 1024 384
g 32 0 0 64 64 32
g 33 64 0 64 64 32
g 34 128 0 64 64 32
g 35 192 0 64 64 32
g 36 256 0 64 64 32
g 37 320 0 64 64 32
g 38 384 0 64 64 32
g 39 448 0 64 64 32
g 40 512 0 64 64 32
g 41 576 0 64 64 32
g 42 640 0 64 64 32
g 43 704 0 64 64 32
g 44 768 0 64 64 32
g 45 832 0 64 64 32
g 46 896 0 64 64 32
g 47 960 0 64 64 32
g 48 0 64 64 64 32
g 49 64 64 64 64 32
g 50 128 64 64 64 32
g 51 192 64 64 64 32
g 52 256 64 64 64 32
g 53 320 64 64 64 32
g 54 384 64 64 64 32
g 55 448 64 64 64 32
g 56 512 64 64 64 32
g 57 576 64 64 64 32
g 58 640 64 64 64 32
g 59 704 64 64 64 32
g 60 768 64 64 64 32
g 61 832 64 64 64 32
g 62 896 64 64 64 32
g 63 960 64 64 64 32
g 64 0 128 64 64 32
g 65 64 128 64 64 32
g 66 128 128 64 64 32
g 67 192 128 64 64 32
g 68 256 128 64 64 32
g 69 320 128 64 64 32
g 70 384 128 64 64 32
g 71 448 128 64 64 32
g 72 512 128 64 64 32
g 73 576 128 64 64 32
g 74 640 128 64 64 32
g 75 704 128 64 64 32
g 76 768 128 64 64 32
g 77 832 128 64 64 32
g 78 896 128 64 64 32
g 79 960 128 64 64 32
g 80 0 192 64 64 32
g 81 64 192 64 64 32
g 82 128 192 64 64 32
g 83 192 192 64 64 32
g 84 256 192 64 64 32
g 85 320 192 64 64 32
g 86 384 192 64 64 32
g 87 448 192 64 64 32
g 88 512 192 64 64 32
g 89 576 192 64 64 32
g 90 640 192 64 64 32
g 91 704 192 64 64 32
g 92 768 192 64 64 32
g 93 832 192 64 64 32
g 94 896 192 64 64 32
g 95 960 192 64 64 32
g 96 0 256 64 64 32
g 97 64 256 64 64 32
g 98 128 256 64 64 32
g 99 192 256 64 64 32
g 100 256 256 64 64 32
g 101 320 256 64 64 32
g 102 384 256 64 64 32
g 103 448 256 64 64 32
g 104 512 256 64 64 32
g 105 576 256 64 64 32
g 106 640 256 64 64 32
g 107 704 256 64 64 32
g 108 768 256 64 64 32
g 109 832 256 64 64 32
g 110 896 256 64 64 32
g 111 960 256 64 64 32
g 112 0 320 64 64 32
g 113 64 320 64 64 32
g 114 128 320 64 64 32
g 115 192 320 64 64 32
g 116 256 320 64 64 32
g 117 320 320 64 64 32
g 118 384 320 64 64 32
g 119 448 320 64 64 32
g 120 512 320 64 64 32
g 121 576 320 64 64 32
g 122 640 320 64 64 32
g 123 704 320 64 64 32
g 124 768 320 64 64 32
g 125 832 320 64 64 32
g 126 896 320 64 64 32
